0.853921, 1.454023
0.831092, -2.282900
0.816843, 1.424942
0.794470, -2.237242
0.780506, 1.396444
0.758581, -2.192497
0.744896, 1.368515
0.723409, -2.148647
0.709998, 1.341144
0.688941, -2.105674
0.675798, 1.314321
0.655162, -2.063561
0.642282, 1.288035
0.622059, -2.022290
0.609436, 1.262274
0.589618, -1.981844
0.577248, 1.237029
0.557826, -1.942207
0.545703, 1.212288
0.526669, -1.903363
0.514789, 1.188043
0.496136, -1.865296
0.484493, 1.164282
0.466213, -1.827990
0.454803, 1.140996
0.436889, -1.791430
0.425707, 1.118176
0.408151, -1.755601
0.397193, 1.095813
0.379988, -1.720489
0.369249, 1.073896
0.352388, -1.686079
0.341864, 1.052418
0.325340, -1.652358
0.315027, 1.031370
0.298834, -1.619311
0.288726, 1.010743
0.272857, -1.586924
0.262952, 0.990528
0.247400, -1.555186
0.237693, 0.970717
0.222452, -1.524082
0.212939, 0.951303
0.198003, -1.493601
0.188680, 0.932277
0.174043, -1.463729
0.164906, 0.913631
0.150562, -1.434454
0.141608, 0.895359
0.127551, -1.405765
0.118776, 0.877452
0.105000, -1.377650
0.096401, 0.859902
0.082900, -1.350097
0.074473, 0.842704
0.061242, -1.323095
0.052983, 0.825850
0.040017, -1.296633
0.031923, 0.809333
0.019216, -1.270700
0.011285, 0.793147
-0.001168, -1.245286
-0.008941, 0.777284
-0.021145, -1.220380
-0.028762, 0.761738
-0.040722, -1.195973
-0.048187, 0.746503
-0.059907, -1.172053
-0.067223, 0.731573
-0.078709, -1.148612
-0.085879, 0.716942
-0.097135, -1.125640
-0.104161, 0.702603
-0.115192, -1.103127
-0.122078, 0.688551
-0.132888, -1.081065
-0.139636, 0.674780
-0.150231, -1.059443
-0.156843, 0.661284
-0.167226, -1.038255
-0.173707, 0.648059
-0.183881, -1.017489
-0.190232, 0.635097
-0.200204, -0.997140
-0.206428, 0.622395
-0.216200, -0.977197
-0.222299, 0.609948
-0.231876, -0.957653
-0.237853, 0.597749
-0.247238, -0.938500
-0.253096, 0.585794
-0.262293, -0.919730
-0.268034, 0.574078
-0.277048, -0.901335
-0.282674, 0.562596
-0.291507, -0.883309
-0.297020, 0.551344
-0.305677, -0.865642
-0.311080, 0.540317
-0.319563, -0.848330
-0.324858, 0.529511
-0.333172, -0.831363
-0.338361, 0.518921
-0.346508, -0.814736
-0.351594, 0.508542
-0.359578, -0.798441
-0.364562, 0.498372
-0.372387, -0.782472
-0.377271, 0.488404
-0.384939, -0.766823
-0.389725, 0.478636
-0.397240, -0.751486
-0.401931, 0.469063
-0.409295, -0.736457
-0.413892, 0.459682
-0.421109, -0.721727
-0.425614, 0.450488
-0.432687, -0.707293
-0.437102, 0.441479
-0.444033, -0.693147
-0.448360, 0.432649
-0.455153, -0.679284
-0.459393, 0.423996
-0.466050, -0.665698
-0.470205, 0.415516
-0.476729, -0.652384
-0.480801, 0.407206
-0.487194, -0.639337
-0.491185, 0.399062
-0.497450, -0.626550
-0.501361, 0.391080
-0.507501, -0.614019
-0.511334, 0.383259
-0.517351, -0.601739
-0.521107, 0.375594
-0.527004, -0.589704
-0.530685, 0.368082
-0.536464, -0.577910
-0.540071, 0.360720
-0.545735, -0.566352
-0.549270, 0.353506
-0.554820, -0.555025
-0.558284, 0.346436
-0.563724, -0.543924
-0.567119, 0.339507
-0.572449, -0.533046
-0.575776, 0.332717
-0.581000, -0.522385
-0.584261, 0.326062
-0.589380, -0.511937
-0.592576, 0.319541
-0.597593, -0.501698
-0.600724, 0.313150
-0.605641, -0.491664
-0.608710, 0.306887
-0.613528, -0.481831
-0.616535, 0.300750
-0.621257, -0.472194
-0.624205, 0.294735
-0.628832, -0.462750
-0.631721, 0.288840
-0.636256, -0.453495
-0.639086, 0.283063
-0.643531, -0.444426
-0.646305, 0.277402
-0.650660, -0.435537
-0.653378, 0.271854
-0.657647, -0.426826
-0.660311, 0.266417
-0.664494, -0.418290
-0.667105, 0.261088
-0.671204, -0.409924
-0.673763, 0.255867
-0.677780, -0.401725
-0.680287, 0.250749
-0.684224, -0.393691
-0.686682, 0.245734
-0.690540, -0.385817
-0.692948, 0.240820
-0.696729, -0.378101
-0.699089, 0.236003
-0.702794, -0.370539
-0.705107, 0.231283
-0.708738, -0.363128
-0.711005, 0.226658
-0.714564, -0.355865
-0.716785, 0.222124
-0.720272, -0.348748
-0.722449, 0.217682
-0.725867, -0.341773
-0.728000, 0.213328
-0.731350, -0.334938
-0.733440, 0.209062
-0.736723, -0.328239
-0.738771, 0.204880
-0.741988, -0.321674
-0.743996, 0.200783
-0.747148, -0.315241
-0.749116, 0.196767
-0.752205, -0.308936
-0.754134, 0.192832
-0.757161, -0.302757
-0.759051, 0.188975
-0.762018, -0.296702
-0.763870, 0.185196
-0.766778, -0.290768
-0.768593, 0.181492
-0.771442, -0.284953
-0.773221, 0.177862
-0.776013, -0.279254
-0.777756, 0.174305
-0.780493, -0.273669
-0.782201, 0.170819
-0.784883, -0.268195
-0.786557, 0.167402
-0.789186, -0.262831
-0.790826, 0.164054
-0.793402, -0.257575
-0.795010, 0.160773
-0.797534, -0.252423
-0.799109, 0.157558
-0.801583, -0.247375
-0.803127, 0.154407
-0.805551, -0.242427
-0.807065, 0.151318
-0.809440, -0.237579
-0.810923, 0.148292
-0.813252, -0.232827
-0.814705, 0.145326
-0.816987, -0.228171
-0.818411, 0.142420
-0.820647, -0.223607
-0.822043, 0.139571
-0.824234, -0.219135
-0.825602, 0.136780
-0.827749, -0.214752
-0.829090, 0.134044
-0.831194, -0.210457
-0.832508, 0.131363
-0.834570, -0.206248
-0.835858, 0.128736
-0.837879, -0.202123
-0.839141, 0.126161
-0.841121, -0.198081
-0.842358, 0.123638
-0.844299, -0.194119
-0.845511, 0.121165
-0.847413, -0.190237
-0.848600, 0.118742
-0.850465, -0.186432
-0.851628, 0.116367
-0.853455, -0.182703
-0.854596, 0.114040
-0.856386, -0.179049
-0.857504, 0.111759
-0.859259, -0.175468
-0.860354, 0.109524
-0.862073, -0.171959
-0.863147, 0.107333
-0.864832, -0.168520
-0.865884, 0.105187
-0.867535, -0.165149
-0.868566, 0.103083
-0.870185, -0.161846
-0.871195, 0.101021
-0.872781, -0.158609
-0.873771, 0.099001
-0.875325, -0.155437
-0.876296, 0.097021
-0.877819, -0.152328
-0.878770, 0.095080
-0.880262, -0.149282
-0.881194, 0.093179
-0.882657, -0.146296
-0.883570, 0.091315
-0.885004, -0.143370
-0.885899, 0.089489
-0.887304, -0.140503
-0.888181, 0.087699
-0.889558, -0.137693
-0.890417, 0.085945
-0.891767, -0.134939
-0.892609, 0.084226
-0.893931, -0.132240
-0.894757, 0.082542
-0.896053, -0.129595
-0.896862, 0.080891
-0.898132, -0.127004
-0.898924, 0.079273
-0.900169, -0.124463
-0.900946, 0.077688
-0.902166, -0.121974
-0.902927, 0.076134
-0.904122, -0.119535
-0.904868, 0.074611
-0.906040, -0.117144
-0.906771, 0.073119
-0.907919, -0.114801
-0.908636, 0.071657
-0.909761, -0.112505
-0.910463, 0.070224
-0.911566, -0.110255
-0.912254, 0.068819
-0.913334, -0.108050
-0.914009, 0.067443
-0.915068, -0.105889
-0.915728, 0.066094
-0.916766, -0.103771
-0.917414, 0.064772
-0.918431, -0.101696
-0.919066, 0.063476
-0.920062, -0.099662
-0.920684, 0.062207
-0.921661, -0.097669
-0.922271, 0.060963
-0.923228, -0.095715
-0.923825, 0.059744
-0.924763, -0.093801
-0.925349, 0.058549
-0.926268, -0.091925
-0.926842, 0.057378
-0.927743, -0.090086
-0.928305, 0.056230
-0.929188, -0.088285
-0.929739, 0.055106
-0.930604, -0.086519
-0.931144, 0.054003
-0.931992, -0.084789
-0.932521, 0.052923
-0.933352, -0.083093
-0.933871, 0.051865
-0.934685, -0.081431
-0.935193, 0.050828
-0.935991, -0.079802
-0.936489, 0.049811
-0.937272, -0.078206
-0.937760, 0.048815
-0.938526, -0.076642
-0.939004, 0.047839
-0.939756, -0.075109
-0.940224, 0.046882
-0.940960, -0.073607
-0.941420, 0.045944
-0.942141, -0.072135
-0.942591, 0.045025
-0.943298, -0.070692
-0.943740, 0.044125
-0.944432, -0.069278
-0.944865, 0.043242
-0.945544, -0.067893
-0.945968, 0.042377
-0.946633, -0.066535
-0.947048, 0.041530
-0.947700, -0.065204
-0.948107, 0.040699
-0.948746, -0.063900
-0.949145, 0.039885
-0.949771, -0.062622
-0.950162, 0.039088
-0.950776, -0.061370
-0.951159, 0.038306
-0.951760, -0.060142
-0.952136, 0.037540
-0.952725, -0.058940
-0.953093, 0.036789
-0.953671, -0.057761
-0.954031, 0.036053
-0.954597, -0.056606
-0.954951, 0.035332
-0.955505, -0.055473
-0.955852, 0.034625
-0.956395, -0.054364
-0.956735, 0.033933
-0.957267, -0.053277
-0.957600, 0.033254
-0.958122, -0.052211
-0.958448, 0.032589
-0.958960, -0.051167
-0.959279, 0.031937
-0.959780, -0.050144
-0.960093, 0.031299
-0.960585, -0.049141
-0.960891, 0.030673
-0.961373, -0.048158
-0.961674, 0.030059
-0.962146, -0.047195
-0.962440, 0.029458
-0.962903, -0.046251
-0.963191, 0.028869
-0.963645, -0.045326
-0.963928, 0.028292
-0.964372, -0.044419
-0.964649, 0.027726
-0.965084, -0.043531
-0.965356, 0.027171
-0.965783, -0.042660
-0.966049, 0.026628
-0.966467, -0.041807
-0.966728, 0.026095
-0.967138, -0.040971
-0.967393, 0.025573
-0.967795, -0.040152
-0.968045, 0.025062
-0.968439, -0.039348
-0.968685, 0.024561
-0.969070, -0.038562
-0.969311, 0.024069
-0.969689, -0.037790
-0.969925, 0.023588
-0.970295, -0.037034
-0.970526, 0.023116
-0.970889, -0.036294
-0.971116, 0.022654
-0.971471, -0.035568
-0.971693, 0.022201
-0.972042, -0.034857
-0.972259, 0.021757
-0.972601, -0.034159
-0.972814, 0.021322
-0.973149, -0.033476
-0.973358, 0.020895
-0.973686, -0.032807
-0.973891, 0.020477
-0.974212, -0.032151
-0.974413, 0.020068
-0.974728, -0.031508
-0.974925, 0.019666
-0.975234, -0.030877
-0.975426, 0.019273
-0.975729, -0.030260
-0.975918, 0.018888
-0.976214, -0.029655
-0.976399, 0.018510
-0.976690, -0.029062
-0.976871, 0.018140
-0.977156, -0.028480
-0.977334, 0.017777
-0.977613, -0.027911
-0.977787, 0.017421
-0.978061, -0.027353
-0.978232, 0.017073
-0.978500, -0.026805
-0.978667, 0.016731
-0.978930, -0.026269
-0.979094, 0.016397
-0.979351, -0.025744
-0.979512, 0.016069
-0.979764, -0.025229
-0.979921, 0.015748
-0.980169, -0.024725
-0.980323, 0.015433
-0.980565, -0.024230
-0.980717, 0.015124
-0.980954, -0.023745
-0.981102, 0.014821
-0.981335, -0.023271
-0.981480, 0.014525
-0.981708, -0.022805
-0.981851, 0.014235
-0.982074, -0.022349
-0.982214, 0.013950
-0.982433, -0.021902
-0.982569, 0.013671
-0.982784, -0.021464
-0.982918, 0.013397
-0.983128, -0.021035
-0.983260, 0.013129
-0.983466, -0.020614
-0.983594, 0.012867
-0.983796, -0.020202
-0.983922, 0.012610
-0.984120, -0.019798
-0.984244, 0.012357
-0.984438, -0.019402
-0.984559, 0.012110
-0.984749, -0.019014
-0.984868, 0.011868
-0.985054, -0.018633
-0.985171, 0.011631
-0.985353, -0.018261
-0.985467, 0.011398
-0.985646, -0.017896
-0.985758, 0.011170
-0.985933, -0.017538
-0.986043, 0.010947
-0.986215, -0.017187
-0.986322, 0.010728
-0.986490, -0.016843
-0.986595, 0.010513
-0.986760, -0.016506
-0.986863, 0.010303
-0.987025, -0.016176
-0.987126, 0.010097
-0.987285, -0.015853
-0.987384, 0.009895
-0.987539, -0.015536
-0.987636, 0.009697
-0.987788, -0.015225
-0.987883, 0.009503
-0.988033, -0.014920
-0.988126, 0.009313
-0.988272, -0.014622
-0.988363, 0.009127
-0.988506, -0.014330
-0.988596, 0.008944
-0.988736, -0.014043
-0.988824, 0.008765
-0.988962, -0.013762
-0.989047, 0.008590
-0.989182, -0.013487
-0.989267, 0.008418
-0.989399, -0.013217
-0.989481, 0.008250
-0.989611, -0.012953
-0.989692, 0.008085
-0.989819, -0.012694
-0.989898, 0.007923
-0.990022, -0.012440
-0.990100, 0.007765
-0.990222, -0.012191
-0.990298, 0.007609
-0.990417, -0.011947
-0.990492, 0.007457
-0.990609, -0.011708
-0.990682, 0.007308
-0.990797, -0.011474
-0.990868, 0.007162
-0.990981, -0.011245
-0.991051, 0.007019
-0.991161, -0.011020
-0.991230, 0.006878
-0.991338, -0.010799
-0.991405, 0.006741
-0.991511, -0.010583
-0.991577, 0.006606
-0.991681, -0.010372
-0.991746, 0.006474
-0.991847, -0.010164
-0.991911, 0.006344
-0.992010, -0.009961
-0.992073, 0.006217
-0.992170, -0.009762
-0.992231, 0.006093
-0.992327, -0.009567
-0.992387, 0.005971
-0.992480, -0.009375
-0.992539, 0.005852
-0.992631, -0.009188
-0.992688, 0.005735
-0.992778, -0.009004
-0.992834, 0.005620
-0.992922, -0.008824
-0.992978, 0.005508
-0.993064, -0.008647
-0.993118, 0.005398
-0.993203, -0.008474
-0.993256, 0.005290
-0.993339, -0.008305
-0.993391, 0.005184
-0.993472, -0.008139
-0.993523, 0.005080
-0.993602, -0.007976
-0.993652, 0.004978
-0.993730, -0.007817
-0.993779, 0.004879
-0.993856, -0.007660
-0.993904, 0.004781
-0.993979, -0.007507
-0.994026, 0.004686
-0.994099, -0.007357
-0.994145, 0.004592
-0.994217, -0.007210
-0.994262, 0.004500
-0.994333, -0.007066
-0.994377, 0.004410
-0.994446, -0.006924
-0.994489, 0.004322
-0.994557, -0.006786
-0.994600, 0.004236
-0.994666, -0.006650
-0.994708, 0.004151
-0.994773, -0.006517
-0.994813, 0.004068
-0.994877, -0.006387
-0.994917, 0.003986
-0.994980, -0.006259
-0.995019, 0.003907
-0.995080, -0.006134
-0.995118, 0.003829
-0.995179, -0.006011
-0.995216, 0.003752
-0.995275, -0.005891
-0.995312, 0.003677
-0.995369, -0.005773
-0.995406, 0.003603
-0.995462, -0.005658
-0.995497, 0.003531
-0.995553, -0.005544
-0.995587, 0.003461
-0.995642, -0.005434
-0.995676, 0.003392
-0.995729, -0.005325
-0.995762, 0.003324
-0.995814, -0.005218
-0.995847, 0.003257
-0.995898, -0.005114
-0.995930, 0.003192
-0.995980, -0.005012
-0.996011, 0.003128
-0.996061, -0.004911
-0.996091, 0.003066
-0.996139, -0.004813
-0.996169, 0.003004
-0.996217, -0.004717
-0.996246, 0.002944
-0.996292, -0.004623
-0.996321, 0.002885
-0.996366, -0.004530
-0.996395, 0.002828
-0.996439, -0.004440
-0.996467, 0.002771
-0.996510, -0.004351
-0.996537, 0.002716
-0.996580, -0.004264
-0.996607, 0.002661
-0.996648, -0.004179
-0.996675, 0.002608
-0.996715, -0.004095
-0.996741, 0.002556
-0.996781, -0.004013
-0.996806, 0.002505
-0.996846, -0.003933
-0.996870, 0.002455
-0.996909, -0.003854
-0.996933, 0.002406
-0.996970, -0.003777
-0.996994, 0.002358
-0.997031, -0.003702
-0.997054, 0.002310
-0.997090, -0.003627
-0.997113, 0.002264
-0.997149, -0.003555
-0.997171, 0.002219
-0.997206, -0.003484
-0.997227, 0.002175
-0.997262, -0.003414
-0.997283, 0.002131
-0.997316, -0.003346
-0.997337, 0.002088
-0.997370, -0.003279
-0.997390, 0.002047
-0.997423, -0.003213
-0.997443, 0.002006
-0.997474, -0.003149
-0.997494, 0.001966
-0.997525, -0.003086
-0.997544, 0.001926
-0.997574, -0.003024
-0.997593, 0.001888
-0.997623, -0.002964
-0.997641, 0.001850
-0.997670, -0.002905
-0.997688, 0.001813
-0.997717, -0.002847
-0.997735, 0.001777
-0.997762, -0.002790
-0.997780, 0.001741
-0.997807, -0.002734
-0.997824, 0.001706
-0.997851, -0.002679
-0.997868, 0.001672
-0.997894, -0.002626
-0.997910, 0.001639
-0.997936, -0.002573
-0.997952, 0.001606
-0.997977, -0.002522
-0.997993, 0.001574
-0.998018, -0.002471
-0.998033, 0.001542
-0.998058, -0.002422
-0.998073, 0.001512
-0.998096, -0.002373
-0.998111, 0.001481
-0.998134, -0.002326
-0.998149, 0.001452
-0.998172, -0.002279
-0.998186, 0.001423
-0.998208, -0.002234
-0.998222, 0.001394
-0.998244, -0.002189
-0.998258, 0.001366
-0.998279, -0.002145
-0.998293, 0.001339
-0.998314, -0.002102
-0.998327, 0.001312
-0.998347, -0.002060
-0.998360, 0.001286
-0.998380, -0.002019
-0.998393, 0.001260
-0.998413, -0.001979
-0.998425, 0.001235
-0.998445, -0.001939
-0.998457, 0.001210
-0.998476, -0.001900
-0.998488, 0.001186
-0.998506, -0.001862
-0.998518, 0.001162
-0.998536, -0.001825
-0.998547, 0.001139
-0.998565, -0.001789
-0.998577, 0.001116
-0.998594, -0.001753
-0.998605, 0.001094
-0.998622, -0.001718
-0.998633, 0.001072
-0.998650, -0.001683
-0.998660, 0.001051
-0.998677, -0.001650
-0.998687, 0.001030
-0.998703, -0.001617
-0.998713, 0.001009
-0.998729, -0.001584
-0.998739, 0.000989
-0.998755, -0.001553
-0.998764, 0.000969
-0.998779, -0.001522
-0.998789, 0.000950
-0.998804, -0.001491
-0.998813, 0.000931
-0.998828, -0.001461
-0.998837, 0.000912
-0.998851, -0.001432
-0.998860, 0.000894
-0.998874, -0.001404
-0.998883, 0.000876
-0.998897, -0.001375
-0.998905, 0.000859
-0.998919, -0.001348
-0.998927, 0.000841
-0.998940, -0.001321
-0.998949, 0.000825
-0.998962, -0.001295
-0.998970, 0.000808
-0.998982, -0.001269
-0.998990, 0.000792
-0.999003, -0.001243
-0.999010, 0.000776
-0.999023, -0.001218
-0.999030, 0.000761
-0.999042, -0.001194
-0.999050, 0.000745
-0.999061, -0.001170
-0.999069, 0.000730
-0.999080, -0.001147
-0.999087, 0.000716
-0.999099, -0.001124
-0.999106, 0.000702
-0.999117, -0.001101
-0.999123, 0.000687
-0.999134, -0.001079
-0.999141, 0.000674
-0.999152, -0.001058
-0.999158, 0.000660
-0.999169, -0.001037
-0.999175, 0.000647
-0.999185, -0.001016
-0.999192, 0.000634
-0.999201, -0.000996
-0.999208, 0.000621
-0.999217, -0.000976
-0.999224, 0.000609
-0.999233, -0.000956
-0.999239, 0.000597
-0.999248, -0.000937
-0.999254, 0.000585
-0.999263, -0.000918
-0.999269, 0.000573
-0.999278, -0.000900
-0.999284, 0.000562
-0.999293, -0.000882
-0.999298, 0.000550
-0.999307, -0.000864
-0.999312, 0.000539
-0.999321, -0.000847
-0.999326, 0.000529
-0.999334, -0.000830
-0.999339, 0.000518
-0.999348, -0.000813
-0.999353, 0.000508
-0.999361, -0.000797
-0.999366, 0.000498
-0.999373, -0.000781
-0.999378, 0.000488
-0.999386, -0.000766
-0.999391, 0.000478
-0.999398, -0.000750
-0.999403, 0.000468
-0.999410, -0.000735
-0.999415, 0.000459
-0.999422, -0.000721
-0.999427, 0.000450
-0.999434, -0.000706
-0.999438, 0.000441
-0.999445, -0.000692
-0.999449, 0.000432
-0.999456, -0.000678
-0.999460, 0.000423
-0.999467, -0.000665
-0.999471, 0.000415
-0.999478, -0.000651
-0.999482, 0.000407
-0.999488, -0.000638
-0.999492, 0.000398
-0.999498, -0.000626
-0.999502, 0.000390
-0.999508, -0.000613
-0.999512, 0.000383
-0.999518, -0.000601
-0.999522, 0.000375
-0.999528, -0.000589
-0.999531, 0.000368
-0.999537, -0.000577
-0.999541, 0.000360
-0.999546, -0.000565
-0.999550, 0.000353
-0.999556, -0.000554
-0.999559, 0.000346
-0.999564, -0.000543
-0.999568, 0.000339
-0.999573, -0.000532
-0.999576, 0.000332
-0.999582, -0.000522
-0.999585, 0.000326
-0.999590, -0.000511
-0.999593, 0.000319
-0.999598, -0.000501
-0.999601, 0.000313
-0.999606, -0.000491
-0.999609, 0.000306
-0.999614, -0.000481
-0.999617, 0.000300
-0.999622, -0.000471
-0.999625, 0.000294
-0.999629, -0.000462
-0.999632, 0.000288
-0.999637, -0.000453
-0.999640, 0.000283
-0.999644, -0.000444
-0.999647, 0.000277
-0.999651, -0.000435
-0.999654, 0.000271
-0.999658, -0.000426
-0.999661, 0.000266
-0.999665, -0.000418
-0.999668, 0.000261
-0.999672, -0.000409
-0.999674, 0.000255
-0.999678, -0.000401
-0.999681, 0.000250
-0.999685, -0.000393
-0.999687, 0.000245
-0.999691, -0.000385
-0.999693, 0.000240
-0.999697, -0.000378
-0.999700, 0.000236
-0.999703, -0.000370
-0.999706, 0.000231
-0.999709, -0.000363
-0.999711, 0.000226
-0.999715, -0.000355
-0.999717, 0.000222
-0.999721, -0.000348
-0.999723, 0.000217
-0.999726, -0.000341
-0.999728, 0.000213
-0.999732, -0.000334
-0.999734, 0.000209
-0.999737, -0.000328
-0.999739, 0.000205
-0.999742, -0.000321
-0.999744, 0.000200
-0.999748, -0.000315
-0.999750, 0.000196
-0.999753, -0.000308
-0.999755, 0.000193
-0.999758, -0.000302
-0.999759, 0.000189
-0.999762, -0.000296
-0.999764, 0.000185
-0.999767, -0.000290
-0.999769, 0.000181
-0.999772, -0.000285
-0.999774, 0.000178
-0.999776, -0.000279
-0.999778, 0.000174
-0.999781, -0.000273
-0.999783, 0.000171
-0.999785, -0.000268
-0.999787, 0.000167
-0.999790, -0.000262
-0.999791, 0.000164
-0.999794, -0.000257
-0.999795, 0.000161
-0.999798, -0.000252
-0.999799, 0.000157
-0.999802, -0.000247
-0.999803, 0.000154
-0.999806, -0.000242
-0.999807, 0.000151
-0.999810, -0.000237
-0.999811, 0.000148
-0.999814, -0.000232
-0.999815, 0.000145
-0.999817, -0.000228
-0.999819, 0.000142
-0.999821, -0.000223
-0.999822, 0.000139
-0.999825, -0.000219
-0.999826, 0.000137
-0.999828, -0.000214
-0.999829, 0.000134
-0.999831, -0.000210
-0.999833, 0.000131
-0.999835, -0.000206
-0.999836, 0.000129
-0.999838, -0.000202
-0.999839, 0.000126
-0.999841, -0.000198
-0.999843, 0.000123
-0.999845, -0.000194
-0.999846, 0.000121
-0.999848, -0.000190
-0.999849, 0.000119
-0.999851, -0.000186
-0.999852, 0.000116
-0.999854, -0.000182
-0.999855, 0.000114
-0.999857, -0.000179
-0.999858, 0.000112
-0.999859, -0.000175
-0.999861, 0.000109
-0.999862, -0.000172
-0.999863, 0.000107
-0.999865, -0.000168
-0.999866, 0.000105
-0.999868, -0.000165
-0.999869, 0.000103
-0.999870, -0.000162
-0.999871, 0.000101
-0.999873, -0.000158
-0.999874, 0.000099
-0.999876, -0.000155
-0.999876, 0.000097
-0.999878, -0.000152
-0.999879, 0.000095
-0.999880, -0.000149
-0.999881, 0.000093
-0.999883, -0.000146
-0.999884, 0.000091
-0.999885, -0.000143
-0.999886, 0.000089
-0.999887, -0.000140
-0.999888, 0.000088
-0.999890, -0.000137
-0.999891, 0.000086
-0.999892, -0.000135
-0.999893, 0.000084
-0.999894, -0.000132
-0.999895, 0.000082
-0.999896, -0.000129
-0.999897, 0.000081
-0.999898, -0.000127
-0.999899, 0.000079
-0.999900, -0.000124
-0.999901, 0.000078
-0.999902, -0.000122
-0.999903, 0.000076
-0.999904, -0.000119
-0.999905, 0.000074
-0.999906, -0.000117
-0.999907, 0.000073
-0.999908, -0.000115
-0.999909, 0.000072
-0.999910, -0.000112
-0.999911, 0.000070
-0.999912, -0.000110
-0.999912, 0.000069
-0.999913, -0.000108
-0.999914, 0.000067
-0.999915, -0.000106
-0.999916, 0.000066
-0.999917, -0.000104
-0.999918, 0.000065
-0.999919, -0.000102
-0.999919, 0.000063
-0.999920, -0.000100
-0.999921, 0.000062
-0.999922, -0.000098
-0.999922, 0.000061
-0.999923, -0.000096
