0.000000 0.500000
0.010000 0.579737
0.020000 0.657908
0.030000 0.732997
0.040000 0.803586
0.050000 0.868405
0.060000 0.926366
0.070000 0.976599
0.080000 1.018482
0.090000 1.051651
0.100000 1.076016
0.110000 1.091755
0.120000 1.099305
0.130000 1.099342
0.140000 1.092756
0.150000 1.080612
0.160000 1.064113
0.170000 1.044550
0.180000 1.023258
0.190000 1.001562
0.200000 0.980730
0.210000 0.961928
0.220000 0.946172
0.230000 0.934296
0.240000 0.926916
0.250000 0.924414
0.260000 0.926916
0.270000 0.934295
0.280000 0.946172
0.290000 0.961927
0.300000 0.980729
0.310000 1.001561
0.320000 1.023257
0.330000 1.044549
0.340000 1.064112
0.350000 1.080612
0.360000 1.092755
0.370000 1.099342
0.380000 1.099305
0.390000 1.091756
0.400000 1.076017
0.410000 1.051653
0.420000 1.018484
0.430000 0.976601
0.440000 0.926368
0.450000 0.868408
0.460000 0.803589
0.470000 0.733000
0.480000 0.657911
0.490000 0.579741
0.500000 0.500003
0.510000 0.420266
0.520000 0.342095
0.530000 0.267006
0.540000 0.196417
0.550000 0.131597
0.560000 0.073637
0.570000 0.023403
0.580000 -0.018480
0.590000 -0.051650
0.600000 -0.076016
0.610000 -0.091755
0.620000 -0.099305
0.630000 -0.099342
0.640000 -0.092756
0.650000 -0.080613
0.660000 -0.064114
0.670000 -0.044551
0.680000 -0.023259
0.690000 -0.001563
0.700000 0.019269
0.710000 0.038071
0.720000 0.053827
0.730000 0.065704
0.740000 0.073084
0.750000 0.075586
0.760000 0.073084
0.770000 0.065705
0.780000 0.053829
0.790000 0.038074
0.800000 0.019271
0.810000 -0.001560
0.820000 -0.023256
0.830000 -0.044549
0.840000 -0.064112
0.850000 -0.080611
0.860000 -0.092755
0.870000 -0.099342
0.880000 -0.099305
0.890000 -0.091756
0.900000 -0.076018
0.910000 -0.051654
0.920000 -0.018485
0.930000 0.023397
0.940000 0.073630
0.950000 0.131590
0.960000 0.196408
0.970000 0.266997
0.980000 0.342085
0.990000 0.420256
1.000000 0.499993
1.010000 0.579731
1.020000 0.657902
1.030000 0.732990
1.040000 0.803581
1.050000 0.868400
1.060000 0.926361
1.070000 0.976595
1.080000 1.018479
1.090000 1.051649
1.100000 1.076015
1.110000 1.091754
1.120000 1.099304
1.130000 1.099342
1.140000 1.092757
1.150000 1.080614
1.160000 1.064115
1.170000 1.044552
1.180000 1.023260
1.190000 1.001564
1.200000 0.980732
1.210000 0.961929
1.220000 0.946173
1.230000 0.934297
1.240000 0.926917
1.250000 0.924414
1.260000 0.926916
1.270000 0.934294
1.280000 0.946170
1.290000 0.961926
1.300000 0.980728
1.310000 1.001559
1.320000 1.023255
1.330000 1.044548
1.340000 1.064111
1.350000 1.080610
1.360000 1.092755
1.370000 1.099342
1.380000 1.099305
1.390000 1.091757
1.400000 1.076019
1.410000 1.051655
1.420000 1.018487
1.430000 0.976605
1.440000 0.926373
1.450000 0.868413
1.460000 0.803595
1.470000 0.733006
1.480000 0.657918
1.490000 0.579747
1.500000 0.500010
1.510000 0.420273
1.520000 0.342102
1.530000 0.267013
1.540000 0.196422
1.550000 0.131603
1.560000 0.073641
1.570000 0.023406
1.580000 -0.018477
1.590000 -0.051648
1.600000 -0.076014
1.610000 -0.091754
1.620000 -0.099304
1.630000 -0.099342
1.640000 -0.092757
1.650000 -0.080614
1.660000 -0.064115
1.670000 -0.044553
1.680000 -0.023261
1.690000 -0.001564
1.700000 0.019267
1.710000 0.038070
1.720000 0.053826
1.730000 0.065703
1.740000 0.073083
1.750000 0.075586
1.760000 0.073085
1.770000 0.065706
1.780000 0.053830
1.790000 0.038075
1.800000 0.019273
1.810000 -0.001558
1.820000 -0.023254
1.830000 -0.044547
1.840000 -0.064110
1.850000 -0.080610
1.860000 -0.092754
1.870000 -0.099341
1.880000 -0.099305
1.890000 -0.091757
1.900000 -0.076020
1.910000 -0.051656
1.920000 -0.018488
1.930000 0.023393
1.940000 0.073625
1.950000 0.131584
1.960000 0.196402
1.970000 0.266991
1.980000 0.342079
1.990000 0.420249
2.000000 0.499986
2.010000 0.579724
2.020000 0.657895
2.030000 0.732984
2.040000 0.803575
2.050000 0.868395
2.060000 0.926357
2.070000 0.976592
2.080000 1.018476
2.090000 1.051647
2.100000 1.076013
2.110000 1.091753
2.120000 1.099304
2.130000 1.099343
2.140000 1.092757
2.150000 1.080615
2.160000 1.064116
2.170000 1.044554
2.180000 1.023262
2.190000 1.001565
2.200000 0.980734
2.210000 0.961931
2.220000 0.946175
2.230000 0.934297
2.240000 0.926917
2.250000 0.924414
2.260000 0.926915
2.270000 0.934294
2.280000 0.946169
2.290000 0.961924
2.300000 0.980726
2.310000 1.001557
2.320000 1.023253
2.330000 1.044546
2.340000 1.064109
2.350000 1.080609
2.360000 1.092754
2.370000 1.099341
2.380000 1.099305
2.390000 1.091758
2.400000 1.076021
2.410000 1.051658
2.420000 1.018490
2.430000 0.976609
2.440000 0.926377
2.450000 0.868418
2.460000 0.803601
2.470000 0.733012
2.480000 0.657924
2.490000 0.579754
2.500000 0.500017
2.510000 0.420279
2.520000 0.342108
2.530000 0.267019
2.540000 0.196428
2.550000 0.131608
2.560000 0.073646
2.570000 0.023410
2.580000 -0.018474
2.590000 -0.051645
2.600000 -0.076012
2.610000 -0.091753
2.620000 -0.099304
2.630000 -0.099343
2.640000 -0.092758
2.650000 -0.080615
2.660000 -0.064117
2.670000 -0.044555
2.680000 -0.023263
2.690000 -0.001566
2.700000 0.019266
2.710000 0.038068
2.720000 0.053825
2.730000 0.065702
2.740000 0.073083
2.750000 0.075586
2.760000 0.073085
2.770000 0.065707
2.780000 0.053831
2.790000 0.038076
2.800000 0.019275
2.810000 -0.001556
2.820000 -0.023252
2.830000 -0.044545
2.840000 -0.064108
2.850000 -0.080609
2.860000 -0.092753
2.870000 -0.099341
2.880000 -0.099306
2.890000 -0.091758
2.900000 -0.076022
2.910000 -0.051659
2.920000 -0.018491
2.930000 0.023389
2.940000 0.073621
2.950000 0.131579
2.960000 0.196396
2.970000 0.266985
2.980000 0.342072
2.990000 0.420243
3.000000 0.499980
3.010000 0.579717
3.020000 0.657889
3.030000 0.732978
3.040000 0.803569
3.050000 0.868390
3.060000 0.926352
3.070000 0.976588
3.080000 1.018472
3.090000 1.051644
3.100000 1.076011
3.110000 1.091752
3.120000 1.099304
3.130000 1.099343
3.140000 1.092758
3.150000 1.080616
3.160000 1.064118
3.170000 1.044556
3.180000 1.023263
3.190000 1.001567
3.200000 0.980735
3.210000 0.961932
3.220000 0.946176
3.230000 0.934298
3.240000 0.926917
3.250000 0.924414
3.260000 0.926915
3.270000 0.934293
3.280000 0.946168
3.290000 0.961923
3.300000 0.980724
3.310000 1.001555
3.320000 1.023252
3.330000 1.044544
3.340000 1.064108
3.350000 1.080608
3.360000 1.092753
3.370000 1.099341
3.380000 1.099306
3.390000 1.091759
3.400000 1.076022
3.410000 1.051660
3.420000 1.018493
3.430000 0.976613
3.440000 0.926382
3.450000 0.868423
3.460000 0.803606
3.470000 0.733018
3.480000 0.657931
3.490000 0.579761
3.500000 0.500024
3.510000 0.420286
3.520000 0.342115
3.530000 0.267025
3.540000 0.196434
3.550000 0.131613
3.560000 0.073650
3.570000 0.023414
3.580000 -0.018471
3.590000 -0.051643
3.600000 -0.076011
3.610000 -0.091752
3.620000 -0.099304
3.630000 -0.099343
3.640000 -0.092759
3.650000 -0.080617
3.660000 -0.064119
3.670000 -0.044556
3.680000 -0.023264
3.690000 -0.001568
3.700000 0.019264
3.710000 0.038067
3.720000 0.053824
3.730000 0.065701
3.740000 0.073082
3.750000 0.075586
3.760000 0.073086
3.770000 0.065708
3.780000 0.053833
3.790000 0.038078
3.800000 0.019277
3.810000 -0.001554
3.820000 -0.023251
3.830000 -0.044543
3.840000 -0.064107
3.850000 -0.080607
3.860000 -0.092753
3.870000 -0.099341
3.880000 -0.099306
3.890000 -0.091759
3.900000 -0.076023
3.910000 -0.051661
3.920000 -0.018495
3.930000 0.023385
3.940000 0.073616
3.950000 0.131574
3.960000 0.196391
3.970000 0.266979
3.980000 0.342066
3.990000 0.420236
4.000000 0.499973
4.010000 0.579710
4.020000 0.657882
4.030000 0.732972
4.040000 0.803563
4.050000 0.868384
4.060000 0.926347
4.070000 0.976584
4.080000 1.018469
4.090000 1.051642
4.100000 1.076010
4.110000 1.091751
4.120000 1.099303
4.130000 1.099343
4.140000 1.092759
4.150000 1.080617
4.160000 1.064119
4.170000 1.044557
4.180000 1.023265
4.190000 1.001569
4.200000 0.980737
4.210000 0.961934
4.220000 0.946177
4.230000 0.934299
4.240000 0.926918
4.250000 0.924414
4.260000 0.926914
4.270000 0.934292
4.280000 0.946167
4.290000 0.961921
4.300000 0.980723
4.310000 1.001554
4.320000 1.023250
4.330000 1.044543
4.340000 1.064106
4.350000 1.080607
4.360000 1.092752
4.370000 1.099341
4.380000 1.099306
4.390000 1.091760
4.400000 1.076024
4.410000 1.051662
4.420000 1.018496
4.430000 0.976617
4.440000 0.926386
4.450000 0.868429
4.460000 0.803612
4.470000 0.733024
4.480000 0.657937
4.490000 0.579767
4.500000 0.500030
4.510000 0.420293
4.520000 0.342121
4.530000 0.267031
4.540000 0.196439
4.550000 0.131618
4.560000 0.073655
4.570000 0.023418
4.580000 -0.018468
4.590000 -0.051641
4.600000 -0.076009
4.610000 -0.091751
4.620000 -0.099303
4.630000 -0.099343
4.640000 -0.092760
4.650000 -0.080618
4.660000 -0.064120
4.670000 -0.044558
4.680000 -0.023266
4.690000 -0.001570
4.700000 0.019262
4.710000 0.038065
4.720000 0.053823
4.730000 0.065701
4.740000 0.073082
4.750000 0.075586
4.760000 0.073086
4.770000 0.065708
4.780000 0.053834
4.790000 0.038079
4.800000 0.019278
4.810000 -0.001553
4.820000 -0.023249
4.830000 -0.044542
4.840000 -0.064105
4.850000 -0.080606
4.860000 -0.092752
4.870000 -0.099341
4.880000 -0.099306
4.890000 -0.091760
4.900000 -0.076025
4.910000 -0.051664
4.920000 -0.018498
4.930000 0.023381
4.940000 0.073611
4.950000 0.131569
4.960000 0.196385
4.970000 0.266973
4.980000 0.342059
4.990000 0.420229
