0.000000 2.000000
0.010000 1.940000
0.020000 1.881900
0.030000 1.825643
0.040000 1.771174
0.050000 1.718439
0.060000 1.667385
0.070000 1.617964
0.080000 1.570125
0.090000 1.523821
0.100000 1.479007
0.110000 1.435636
0.120000 1.393667
0.130000 1.353057
0.140000 1.313765
0.150000 1.275752
0.160000 1.238980
0.170000 1.203410
0.180000 1.169008
0.190000 1.135738
0.200000 1.103566
0.210000 1.072459
0.220000 1.042385
0.230000 1.013313
0.240000 0.985214
0.250000 0.958058
0.260000 0.931816
0.270000 0.906461
0.280000 0.881968
0.290000 0.858308
0.300000 0.835459
0.310000 0.813395
0.320000 0.792094
0.330000 0.771531
0.340000 0.751685
0.350000 0.732534
0.360000 0.714058
0.370000 0.696237
0.380000 0.679049
0.390000 0.662478
0.400000 0.646504
0.410000 0.631109
0.420000 0.616275
0.430000 0.601987
0.440000 0.588227
0.450000 0.574981
0.460000 0.562231
0.470000 0.549964
0.480000 0.538165
0.490000 0.526820
0.500000 0.515916
0.510000 0.505438
0.520000 0.495375
0.530000 0.485714
0.540000 0.476442
0.550000 0.467549
0.560000 0.459023
0.570000 0.450852
0.580000 0.443026
0.590000 0.435536
0.600000 0.428370
0.610000 0.421518
0.620000 0.414973
0.630000 0.408724
0.640000 0.402762
0.650000 0.397079
0.660000 0.391667
0.670000 0.386517
0.680000 0.381621
0.690000 0.376973
0.700000 0.372563
0.710000 0.368387
0.720000 0.364435
0.730000 0.360702
0.740000 0.357181
0.750000 0.353865
0.760000 0.350749
0.770000 0.347827
0.780000 0.345092
0.790000 0.342539
0.800000 0.340163
0.810000 0.337958
0.820000 0.335920
0.830000 0.334042
0.839999 0.332321
0.849999 0.330751
0.859999 0.329329
0.869999 0.328049
0.879999 0.326907
0.889999 0.325900
0.899999 0.325023
0.909999 0.324272
0.919999 0.323644
0.929999 0.323135
0.939999 0.322741
0.949999 0.322459
0.959999 0.322285
0.969999 0.322216
0.979999 0.322250
0.989999 0.322382
0.999999 0.322611
1.009999 0.322932
1.019999 0.323344
1.029999 0.323844
1.039999 0.324429
1.049999 0.325096
1.059999 0.325843
1.069999 0.326668
1.079999 0.327568
1.089999 0.328541
1.099999 0.329584
1.109999 0.330697
1.119999 0.331876
1.129999 0.333120
1.139999 0.334426
1.149999 0.335793
1.159999 0.337219
1.169999 0.338703
1.179999 0.340242
1.189999 0.341835
1.199999 0.343479
1.209999 0.345175
1.219999 0.346920
1.229999 0.348712
1.239999 0.350551
1.249999 0.352434
1.259999 0.354361
1.269999 0.356330
1.279999 0.358341
1.289999 0.360390
1.299999 0.362479
1.309999 0.364604
1.319999 0.366766
1.329999 0.368963
1.339999 0.371194
1.349999 0.373458
1.359999 0.375755
1.369999 0.378082
1.379999 0.380439
1.389999 0.382826
1.399999 0.385241
1.409999 0.387684
1.419999 0.390154
1.429999 0.392649
1.439999 0.395170
1.449999 0.397714
1.459999 0.400283
1.469999 0.402875
1.479999 0.405488
1.489999 0.408124
1.499999 0.410780
1.509999 0.413456
1.519999 0.416153
1.529999 0.418868
1.539999 0.421602
1.549999 0.424354
1.559999 0.427123
1.569999 0.429910
1.579999 0.432712
1.589999 0.435531
1.599999 0.438365
1.609999 0.441214
1.619999 0.444078
1.629999 0.446955
1.639999 0.449847
1.649999 0.452751
1.659999 0.455669
1.669999 0.458599
1.679999 0.461541
1.689999 0.464494
1.699999 0.467460
1.709999 0.470436
1.719999 0.473423
1.729999 0.476420
1.739999 0.479427
1.749999 0.482445
1.759999 0.485471
1.769999 0.488507
1.779999 0.491552
1.789999 0.494605
1.799999 0.497667
1.809999 0.500737
1.819999 0.503815
1.829999 0.506900
1.839999 0.509993
1.849999 0.513094
1.859999 0.516201
1.869999 0.519315
1.879999 0.522435
1.889999 0.525562
1.899999 0.528695
1.909999 0.531834
1.919999 0.534979
1.929999 0.538130
1.939999 0.541286
1.949998 0.544448
1.959998 0.547614
1.969998 0.550786
1.979998 0.553962
1.989998 0.557143
1.999998 0.560329
2.009999 0.563519
2.019999 0.566713
2.029999 0.569912
2.039999 0.573115
2.049999 0.576321
2.059999 0.579531
2.069999 0.582745
2.079998 0.585963
2.089998 0.589184
2.099998 0.592409
2.109998 0.595636
2.119998 0.598867
2.129998 0.602101
2.139998 0.605338
2.149998 0.608578
2.159998 0.611821
2.169998 0.615066
2.179998 0.618314
2.189998 0.621565
2.199998 0.624818
2.209998 0.628073
2.219998 0.631331
2.229998 0.634591
2.239998 0.637853
2.249998 0.641118
2.259998 0.644384
2.269998 0.647653
2.279998 0.650923
2.289998 0.654195
2.299998 0.657469
2.309998 0.660745
2.319998 0.664023
2.329998 0.667302
2.339998 0.670583
2.349998 0.673866
2.359998 0.677150
2.369998 0.680435
2.379998 0.683722
2.389998 0.687010
2.399998 0.690300
2.409998 0.693591
2.419998 0.696883
2.429998 0.700177
2.439998 0.703471
2.449998 0.706767
2.459998 0.710064
2.469998 0.713362
2.479998 0.716661
2.489998 0.719962
2.499998 0.723263
2.509998 0.726565
2.519998 0.729868
2.529998 0.733172
2.539998 0.736477
2.549998 0.739782
2.559998 0.743089
2.569998 0.746396
2.579998 0.749704
2.589998 0.753013
2.599998 0.756323
2.609998 0.759633
2.619998 0.762944
2.629998 0.766256
2.639998 0.769568
2.649998 0.772881
2.659998 0.776194
2.669998 0.779509
2.679998 0.782823
2.689998 0.786139
2.699998 0.789454
2.709998 0.792771
2.719998 0.796088
2.729998 0.799405
2.739998 0.802723
2.749998 0.806041
2.759998 0.809360
2.769998 0.812679
2.779998 0.815999
2.789998 0.819319
2.799998 0.822639
2.809998 0.825960
2.819998 0.829281
2.829998 0.832603
2.839998 0.835924
2.849998 0.839247
2.859998 0.842569
2.869998 0.845892
2.879998 0.849215
2.889998 0.852539
2.899998 0.855863
2.909998 0.859187
2.919998 0.862511
2.929998 0.865836
2.939998 0.869161
2.949998 0.872486
2.959998 0.875811
2.969998 0.879137
2.979998 0.882463
2.989998 0.885789
2.999998 0.889115
3.009998 0.892442
3.019998 0.895768
3.029998 0.899095
3.039998 0.902422
3.049998 0.905750
3.059998 0.909077
3.069998 0.912405
3.079998 0.915733
3.089998 0.919061
3.099998 0.922389
3.109998 0.925717
3.119998 0.929046
3.129997 0.932374
3.139997 0.935703
3.149997 0.939032
3.159997 0.942361
3.169997 0.945690
3.179997 0.949019
3.189997 0.952349
3.199997 0.955678
3.209997 0.959008
3.219997 0.962338
3.229997 0.965668
3.239997 0.968997
3.249997 0.972328
3.259997 0.975658
3.269997 0.978988
3.279997 0.982318
3.289997 0.985649
3.299997 0.988979
3.309997 0.992310
3.319997 0.995641
3.329997 0.998971
3.339997 1.002302
3.349997 1.005633
3.359997 1.008964
3.369997 1.012295
3.379997 1.015626
3.389997 1.018957
3.399997 1.022289
3.409997 1.025620
3.419997 1.028951
3.429997 1.032283
3.439997 1.035614
3.449997 1.038946
3.459997 1.042277
3.469997 1.045609
3.479997 1.048941
3.489997 1.052273
3.499997 1.055604
3.509997 1.058936
3.519997 1.062268
3.529997 1.065600
3.539997 1.068932
3.549997 1.072264
3.559997 1.075596
3.569997 1.078928
3.579997 1.082260
3.589997 1.085593
3.599997 1.088925
3.609997 1.092257
3.619997 1.095589
3.629997 1.098921
3.639997 1.102254
3.649997 1.105586
3.659997 1.108919
3.669997 1.112251
3.679997 1.115583
3.689997 1.118916
3.699997 1.122248
3.709997 1.125581
3.719997 1.128913
3.729997 1.132246
3.739997 1.135579
3.749997 1.138911
3.759997 1.142244
3.769997 1.145576
3.779997 1.148909
3.789997 1.152242
3.799997 1.155575
3.809997 1.158907
3.819997 1.162240
3.829997 1.165573
3.839997 1.168905
3.849997 1.172238
3.859997 1.175571
3.869997 1.178904
3.879997 1.182237
3.889997 1.185570
3.899997 1.188903
3.909997 1.192235
3.919997 1.195568
3.929997 1.198901
3.939997 1.202234
3.949997 1.205567
3.959997 1.208900
3.969997 1.212233
3.979997 1.215566
3.989997 1.218899
3.999997 1.222232
4.009997 1.225565
4.019997 1.228898
4.029997 1.232231
4.039998 1.235564
4.049998 1.238897
4.059998 1.242230
4.069998 1.245563
4.079998 1.248896
4.089999 1.252230
4.099999 1.255563
4.109999 1.258896
4.119999 1.262229
4.130000 1.265562
4.140000 1.268895
4.150000 1.272228
4.160000 1.275561
4.170001 1.278895
4.180001 1.282228
4.190001 1.285561
4.200001 1.288894
4.210001 1.292227
4.220002 1.295561
4.230002 1.298894
4.240002 1.302227
4.250002 1.305560
4.260003 1.308893
4.270003 1.312227
4.280003 1.315560
4.290003 1.318893
4.300004 1.322226
4.310004 1.325559
4.320004 1.328893
4.330004 1.332226
4.340004 1.335559
4.350005 1.338892
4.360005 1.342226
4.370005 1.345559
4.380005 1.348892
4.390006 1.352226
4.400006 1.355559
4.410006 1.358892
4.420006 1.362226
4.430007 1.365559
4.440007 1.368892
4.450007 1.372226
4.460007 1.375559
4.470007 1.378892
4.480008 1.382226
4.490008 1.385559
4.500008 1.388892
4.510008 1.392226
4.520009 1.395559
4.530009 1.398892
4.540009 1.402226
4.550009 1.405559
4.560009 1.408892
4.570010 1.412226
4.580010 1.415559
4.590010 1.418892
4.600010 1.422226
4.610011 1.425559
4.620011 1.428892
4.630011 1.432226
4.640011 1.435559
4.650012 1.438892
4.660012 1.442226
4.670012 1.445559
4.680012 1.448892
4.690012 1.452226
4.700013 1.455559
4.710013 1.458892
4.720013 1.462226
4.730013 1.465559
4.740014 1.468892
4.750014 1.472226
4.760014 1.475559
4.770014 1.478892
4.780015 1.482226
4.790015 1.485559
4.800015 1.488892
4.810015 1.492226
4.820015 1.495559
4.830016 1.498892
4.840016 1.502226
4.850016 1.505559
4.860016 1.508892
4.870017 1.512226
4.880017 1.515559
4.890017 1.518893
4.900017 1.522226
4.910017 1.525560
4.920018 1.528893
4.930018 1.532226
4.940018 1.535560
4.950018 1.538893
4.960019 1.542227
4.970019 1.545560
4.980019 1.548893
4.990019 1.552227
5.000020 1.555560
5.010020 1.558894
5.020020 1.562227
5.030020 1.565560
5.040020 1.568894
5.050021 1.572227
5.060021 1.575561
5.070021 1.578894
5.080021 1.582227
5.090022 1.585561
5.100022 1.588894
5.110022 1.592228
5.120022 1.595561
5.130023 1.598894
5.140023 1.602228
5.150023 1.605561
5.160023 1.608895
5.170023 1.612228
5.180024 1.615562
5.190024 1.618895
5.200024 1.622228
5.210024 1.625562
5.220025 1.628895
5.230025 1.632229
5.240025 1.635562
5.250025 1.638895
5.260026 1.642229
5.270026 1.645562
5.280026 1.648896
5.290026 1.652229
5.300026 1.655563
5.310027 1.658896
5.320027 1.662229
5.330027 1.665563
5.340027 1.668896
5.350028 1.672230
5.360028 1.675563
5.370028 1.678896
5.380028 1.682230
5.390028 1.685563
5.400029 1.688897
5.410029 1.692230
5.420029 1.695563
5.430029 1.698897
5.440030 1.702230
5.450030 1.705564
5.460030 1.708897
5.470030 1.712230
5.480031 1.715564
5.490031 1.718897
5.500031 1.722231
5.510031 1.725564
5.520031 1.728897
5.530032 1.732231
5.540032 1.735564
5.550032 1.738898
5.560032 1.742231
5.570033 1.745565
5.580033 1.748898
5.590033 1.752231
5.600033 1.755565
5.610034 1.758898
5.620034 1.762232
5.630034 1.765565
5.640034 1.768898
5.650034 1.772232
5.660035 1.775565
5.670035 1.778899
5.680035 1.782232
5.690035 1.785565
5.700036 1.788899
5.710036 1.792232
5.720036 1.795566
5.730036 1.798899
5.740036 1.802233
5.750037 1.805566
5.760037 1.808899
5.770037 1.812233
5.780037 1.815566
5.790038 1.818900
5.800038 1.822233
5.810038 1.825566
5.820038 1.828900
5.830039 1.832233
5.840039 1.835567
5.850039 1.838900
5.860039 1.842233
5.870039 1.845567
5.880040 1.848900
5.890040 1.852234
5.900040 1.855567
5.910040 1.858900
5.920041 1.862234
5.930041 1.865567
5.940041 1.868901
5.950041 1.872234
5.960042 1.875568
5.970042 1.878901
5.980042 1.882234
5.990042 1.885568
6.000042 1.888901
6.010043 1.892235
6.020043 1.895568
6.030043 1.898901
6.040043 1.902235
6.050044 1.905568
6.060044 1.908902
6.070044 1.912235
6.080044 1.915568
6.090044 1.918902
6.100045 1.922235
6.110045 1.925569
6.120045 1.928902
6.130045 1.932235
6.140046 1.935569
6.150046 1.938902
6.160046 1.942236
6.170046 1.945569
6.180047 1.948902
6.190047 1.952236
6.200047 1.955569
6.210047 1.958903
6.220047 1.962236
6.230048 1.965570
6.240048 1.968903
6.250048 1.972236
6.260048 1.975570
6.270049 1.978903
6.280049 1.982237
6.290049 1.985570
6.300049 1.988903
6.310050 1.992237
6.320050 1.995570
6.330050 1.998904
6.340050 2.002237
6.350050 2.005570
6.360051 2.008904
6.370051 2.012237
6.380051 2.015570
6.390051 2.018904
6.400052 2.022237
6.410052 2.025570
6.420052 2.028904
6.430052 2.032237
6.440053 2.035570
6.450053 2.038904
6.460053 2.042237
6.470053 2.045570
6.480053 2.048904
6.490054 2.052237
6.500054 2.055570
6.510054 2.058904
6.520054 2.062237
6.530055 2.065570
6.540055 2.068904
6.550055 2.072237
6.560055 2.075570
6.570055 2.078904
6.580056 2.082237
6.590056 2.085570
6.600056 2.088904
6.610056 2.092237
6.620057 2.095571
6.630057 2.098904
6.640057 2.102237
6.650057 2.105571
6.660058 2.108904
6.670058 2.112238
6.680058 2.115571
6.690058 2.118905
6.700058 2.122238
6.710059 2.125571
6.720059 2.128905
6.730059 2.132238
6.740059 2.135571
6.750060 2.138905
6.760060 2.142238
6.770060 2.145572
6.780060 2.148905
6.790061 2.152239
6.800061 2.155572
6.810061 2.158906
6.820061 2.162239
6.830061 2.165572
6.840062 2.168906
6.850062 2.172239
6.860062 2.175572
6.870062 2.178906
6.880063 2.182239
6.890063 2.185573
6.900063 2.188906
6.910063 2.192240
6.920063 2.195573
6.930064 2.198906
6.940064 2.202240
6.950064 2.205573
6.960064 2.208907
6.970065 2.212240
6.980065 2.215573
6.990065 2.218907
7.000065 2.222240
7.010066 2.225574
7.020066 2.228907
7.030066 2.232240
7.040066 2.235574
7.050066 2.238907
7.060067 2.242241
7.070067 2.245574
7.080067 2.248908
7.090067 2.252241
7.100068 2.255574
7.110068 2.258908
7.120068 2.262241
7.130068 2.265574
7.140069 2.268908
7.150069 2.272241
7.160069 2.275575
7.170069 2.278908
7.180069 2.282242
7.190070 2.285575
7.200070 2.288908
7.210070 2.292242
7.220070 2.295575
7.230071 2.298909
7.240071 2.302242
7.250071 2.305575
7.260071 2.308909
7.270072 2.312242
7.280072 2.315576
7.290072 2.318909
7.300072 2.322242
7.310072 2.325576
7.320073 2.328909
7.330073 2.332243
7.340073 2.335576
7.350073 2.338910
7.360074 2.342243
7.370074 2.345576
7.380074 2.348910
7.390074 2.352243
7.400074 2.355577
7.410075 2.358910
7.420075 2.362243
7.430075 2.365577
7.440075 2.368910
7.450076 2.372244
7.460076 2.375577
7.470076 2.378911
7.480076 2.382244
7.490077 2.385577
7.500077 2.388911
7.510077 2.392244
7.520077 2.395577
7.530077 2.398911
7.540078 2.402244
7.550078 2.405578
7.560078 2.408911
7.570078 2.412245
7.580079 2.415578
7.590079 2.418911
7.600079 2.422245
7.610079 2.425578
7.620080 2.428912
7.630080 2.432245
7.640080 2.435578
7.650080 2.438912
7.660080 2.442245
7.670081 2.445579
7.680081 2.448912
7.690081 2.452245
7.700081 2.455579
7.710082 2.458912
7.720082 2.462246
7.730082 2.465579
7.740082 2.468913
7.750082 2.472246
7.760083 2.475579
7.770083 2.478913
7.780083 2.482246
7.790083 2.485579
7.800084 2.488913
7.810084 2.492246
7.820084 2.495580
7.830084 2.498913
7.840085 2.502247
7.850085 2.505580
7.860085 2.508914
7.870085 2.512247
7.880085 2.515580
7.890086 2.518914
7.900086 2.522247
7.910086 2.525580
7.920086 2.528914
7.930087 2.532247
7.940087 2.535581
7.950087 2.538914
7.960087 2.542248
7.970088 2.545581
7.980088 2.548914
7.990088 2.552248
8.000088 2.555581
8.010088 2.558914
8.020088 2.562248
8.030088 2.565581
8.040089 2.568915
8.050089 2.572248
8.060089 2.575582
8.070089 2.578915
8.080090 2.582248
8.090090 2.585582
8.100090 2.588915
8.110090 2.592248
8.120090 2.595582
8.130091 2.598915
8.140091 2.602249
8.150091 2.605582
8.160091 2.608916
8.170092 2.612249
8.180092 2.615582
8.190092 2.618916
8.200092 2.622249
8.210093 2.625583
8.220093 2.628916
8.230093 2.632249
8.240093 2.635583
8.250093 2.638916
8.260094 2.642250
8.270094 2.645583
8.280094 2.648916
8.290094 2.652250
8.300095 2.655583
8.310095 2.658917
8.320095 2.662250
8.330095 2.665584
8.340096 2.668917
8.350096 2.672250
8.360096 2.675584
8.370096 2.678917
8.380096 2.682250
8.390097 2.685584
8.400097 2.688917
8.410097 2.692251
8.420097 2.695584
8.430098 2.698918
8.440098 2.702251
8.450098 2.705585
8.460098 2.708918
8.470098 2.712251
8.480099 2.715585
8.490099 2.718918
8.500099 2.722251
8.510099 2.725585
8.520100 2.728918
8.530100 2.732252
8.540100 2.735585
8.550100 2.738919
8.560101 2.742252
8.570101 2.745585
8.580101 2.748919
8.590101 2.752252
8.600101 2.755586
8.610102 2.758919
8.620102 2.762252
8.630102 2.765586
8.640102 2.768919
8.650103 2.772253
8.660103 2.775586
8.670103 2.778919
8.680103 2.782253
8.690104 2.785586
8.700104 2.788920
8.710104 2.792253
8.720104 2.795587
8.730104 2.798920
8.740105 2.802253
8.750105 2.805587
8.760105 2.808920
8.770105 2.812253
8.780106 2.815587
8.790106 2.818920
8.800106 2.822254
8.810106 2.825587
8.820107 2.828921
8.830107 2.832254
8.840107 2.835588
8.850107 2.838921
8.860107 2.842254
8.870108 2.845588
8.880108 2.848921
8.890108 2.852254
8.900108 2.855588
8.910109 2.858921
8.920109 2.862255
8.930109 2.865588
8.940109 2.868922
8.950109 2.872255
8.960110 2.875588
8.970110 2.878922
8.980110 2.882255
8.990110 2.885589
9.000111 2.888922
9.010111 2.892255
9.020111 2.895589
9.030111 2.898922
9.040112 2.902256
9.050112 2.905589
9.060112 2.908922
9.070112 2.912256
9.080112 2.915589
9.090113 2.918923
9.100113 2.922256
9.110113 2.925590
9.120113 2.928923
9.130114 2.932256
9.140114 2.935590
9.150114 2.938923
9.160114 2.942256
9.170115 2.945590
9.180115 2.948923
9.190115 2.952257
9.200115 2.955590
9.210115 2.958924
9.220116 2.962257
9.230116 2.965590
9.240116 2.968924
9.250116 2.972257
9.260117 2.975591
9.270117 2.978924
9.280117 2.982257
9.290117 2.985591
9.300117 2.988924
9.310118 2.992258
9.320118 2.995591
9.330118 2.998924
9.340118 3.002258
9.350119 3.005591
9.360119 3.008925
9.370119 3.012258
9.380119 3.015592
9.390120 3.018925
9.400120 3.022258
9.410120 3.025592
9.420120 3.028925
9.430120 3.032259
9.440121 3.035592
9.450121 3.038925
9.460121 3.042259
9.470121 3.045592
9.480122 3.048926
9.490122 3.052259
9.500122 3.055593
9.510122 3.058926
9.520123 3.062259
9.530123 3.065593
9.540123 3.068926
9.550123 3.072259
9.560123 3.075593
9.570124 3.078926
9.580124 3.082260
9.590124 3.085593
9.600124 3.088927
9.610125 3.092260
9.620125 3.095593
9.630125 3.098927
9.640125 3.102260
9.650126 3.105594
9.660126 3.108927
9.670126 3.112260
9.680126 3.115594
9.690126 3.118927
9.700127 3.122261
9.710127 3.125594
9.720127 3.128927
9.730127 3.132261
9.740128 3.135594
9.750128 3.138928
9.760128 3.142261
9.770128 3.145595
9.780128 3.148928
9.790129 3.152261
9.800129 3.155595
9.810129 3.158928
9.820129 3.162261
9.830130 3.165595
9.840130 3.168928
9.850130 3.172262
9.860130 3.175595
9.870131 3.178929
9.880131 3.182262
9.890131 3.185596
9.900131 3.188929
9.910131 3.192262
9.920132 3.195596
9.930132 3.198929
9.940132 3.202262
9.950132 3.205596
9.960133 3.208929
9.970133 3.212263
9.980133 3.215596
9.990133 3.218930
